6.11010000000000,
5.52770000000000,
8.51860000000000,
7.00320000000000,
5.85980000000000,
8.38290000000000,
7.47640000000000,
8.57810000000000,
6.48620000000000,
5.05460000000000,
5.71070000000000,
14.1640000000000,
5.73400000000000,
8.40840000000000,
5.64070000000000,
5.37940000000000,
6.36540000000000,
5.13010000000000,
6.42960000000000,
7.07080000000000,
6.18910000000000,
20.2700000000000,
5.49010000000000,
6.32610000000000,
5.56490000000000,
18.9450000000000,
12.8280000000000,
10.9570000000000,
13.1760000000000,
22.2030000000000,
5.25240000000000,
6.58940000000000,
9.24820000000000,
5.89180000000000,
8.21110000000000,
7.93340000000000,
8.09590000000000,
5.60630000000000,
12.8360000000000,
6.35340000000000,
5.40690000000000,
6.88250000000000,
11.7080000000000,
5.77370000000000,
7.82470000000000,
7.09310000000000,
5.07020000000000,
5.80140000000000,
11.7000000000000,
5.54160000000000,
7.54020000000000,
5.30770000000000,
7.42390000000000,
7.60310000000000,
6.33280000000000,
6.35890000000000,
6.27420000000000,
5.63970000000000,
9.31020000000000,
9.45360000000000,
8.82540000000000,
5.17930000000000,
21.2790000000000,
14.9080000000000,
18.9590000000000,
7.21820000000000,
8.29510000000000,
10.2360000000000,
5.49940000000000,
20.3410000000000,
10.1360000000000,
7.33450000000000,
6.00620000000000,
7.22590000000000,
5.02690000000000,
6.54790000000000,
7.53860000000000,
5.03650000000000,
10.2740000000000,
5.10770000000000,
5.72920000000000,
5.18840000000000,
6.35570000000000,
9.76870000000000,
6.51590000000000,
8.51720000000000,
9.18020000000000,
6.00200000000000,
5.52040000000000,
5.05940000000000,
5.70770000000000,
7.63660000000000,
5.87070000000000,
5.30540000000000,
8.29340000000000,
13.3940000000000,
5.43690000000000,