17.5920000000000,
9.13020000000000,
13.6620000000000,
11.8540000000000,
6.82330000000000,
11.8860000000000,
4.34830000000000,
12,
6.5987000000000,
3.81660000000000,
3.25220000000000,
15.5050000000000,
3.15510000000000,
7.22580000000000,
0.716180000000000,
3.51290000000000,
5.30480000000000,
0.560770000000000,
3.65180000000000,
5.38930000000000,
3.13860000000000,
21.7670000000000,
4.26300000000000,
5.18750000000000,
3.08250000000000,
22.6380000000000,
13.5010000000000,
7.04670000000000,
14.6920000000000,
24.1470000000000,
-1.22000000000000,
5.99660000000000,
12.1340000000000,
1.84950000000000,
6.54260000000000,
4.56230000000000,
4.11640000000000,
3.39280000000000,
10.1170000000000,
5.49740000000000,
0.55657000000000,
3.91150000000000,
5.38540000000000,
2.44060000000000,
6.73180000000000,
1.04630000000000,
5.13370000000000,
1.84400000000000,
8.00430000000000,
1.01790000000000,
6.75040000000000,
1.83960000000000,
4.28850000000000,
4.99810000000000,
1.42330000000000,
-1.42110000000000,
2.47560000000000,
4.60420000000000,
3.96240000000000,
5.41410000000000,
5.16940000000000,
-0.74279000000000,
17.9290000000000,
12.0540000000000,
17.0540000000000,
4.88520000000000,
5.74420000000000,
7.77540000000000,
1.01730000000000,
20.9920000000000,
6.67990000000000,
4.02590000000000,
1.27840000000000,
3.34110000000000,
-2.68070000000000,
0.296780000000000,
3.88450000000000,
5.70140000000000,
6.75260000000000,
2.05760000000000,
0.479530000000000,
0.204210000000000,
0.678610000000000,
7.54350000000000,
5.34360000000000,
4.24150000000000,
6.79810000000000,
0.926950000000000,
0.152000000000000,
2.82140000000000,
1.84510000000000,
4.29590000000000,
7.20290000000000,
1.98690000000000,
0.144540000000000,
9.05510000000000,